   001    ! Opening (or "orientation") unique ID (for compatibility with SimCad)
   045    ! Opening slope
   000    ! Opening azimuth (0 = facing Equator, East is negative)
-180.0 -175.0 -170.0 -165.0 -160.0 -155.0 -150.0 -145.0 -140.0 -135.0 -130.0 -125.0 -120.0 -115.0 -110.0 -105.0 -100.0 -95.0 -90.0 -85.0 -80.0 -75.0 -70.0 -65.0 -60.0 -55.0 -50.0 -45.0 -40.0 -35.0 -30.0 -25.0 -20.0 -15.0 -10.0 -5.0 0.0 5.0 10.0 15.0 20.0 25.0 30.0 35.0 40.0 45.0 50.0 55.0 60.0 65.0 70.0 75.0 80.0 85.0 90.0 95.0 100.0 105.0 110.0 115.0 120.0 125.0 130.0 135.0 140.0 145.0 150.0 155.0 160.0 165.0 170.0 175.0
0.000
0.000
0.000
0.000
0.000
0.000
0.000
0.000
0.000
16.820
19.360
21.500
23.090
26.130
30.870
33.020
36.610
38.230
39.990
41.390
42.370
43.390
43.920
44.450
44.450
44.450
43.920
42.880
0.000
0.000
0.000
0.000
0.000
0.000
0.000
0.000
0.000
0.000
0.000
26.570
27.410
27.410
26.980
26.980
26.570
0.000
0.000
29.860
32.860
36.430
39.210
36.430
33.410
30.800
27.720
23.590
0.000
0.000
0.000
0.000
0.000
0.000
0.000
0.000
0.000
0.000
0.000
0.000
0.000
0.000
0.000
0.000